3,2
3,1
3,3
10,100
10,230
10,152
10,74
10,156
10,34
10,192
10,1
10,98
10,2
10,3
11,27
11,15
11,21
11,17
11,7
11,10
11,28
11,1
11,18
11,2
11,3
9,7
9,6
9,1
9,4
9,2
9,3
8,16
8,12
8,6
8,1
8,17
8,2
8,3
12,2
12,1
12,3
20,2
20,1
20,3
19,2
19,1
19,3
18,1
18,3
14,1
14,3
13,1
13,3
2,2
2,1
2,3
0,243
0,0
82,34
82,33
82,32
82,31
82,30
82,29
82,28
82,27
82,26
82,25
82,24
82,23
82,22
82,21
82,20
82,19
82,18
82,17
82,16
82,15
82,14
82,13
82,12
82,11
82,10
82,9
82,8
82,7
82,6
82,5
82,4
82,3
82,2
82,0
0,276
0,275
